Flux
140034 
139284 
139611 
140051 
140061 
139193 
140017 
139778 
139776 
139952 
139845 
139477 
140356 
139490 
139636 
140044 
139174 
139880 
140028 
140362 
139179 
139889 
139756 
139528 
140434 
140742 
141277 
139586 
139724 
140246 
140346 
139978 
140665 
141129 
140505 
140323 
140481 
140487 
139565 
139619 
139629 
139509 
139465 
138801 
139711 
140211 
140280 
140172 
139748 
139334 
139175 
139367 
139740 
139542 
140817 
139291 
139817 
140489 
139908 
138830 
138922 
139534 
139455 
139707 
139794 
139064 
140684 
139386 
139153 
139757 
139249 
139481 
139864 
138936 
137780 
139266 
138807 
138923 
139434 
139150 
139740 
138522 
139700 
139314 
138884 
138798 
139187 
139421 
138696 
137696 
138015 
139260 
138702 
139238 
138693 
139521 
137746 
138264 
137703 
138054 
137966 
138498 
139196 
139272 
138727 
137743 
138009 
138692 
138062 
138070 
137958 
138363 
137609 
137705 
137851 
137523 
138502 
137634 
138936 
137988 
138294 
138510 
137773 
137756 
138367 
138025 
138357 
138166 
137833 
137639 
138772 
137829 
137327 
136919 
136962 
137230 
137660 
136806 
137720 
136894 
136505 
137373 
136876 
136346 
137464 
137348 
136804 
136921 
136743 
136401 
136887 
136090 
137081 
137185 
136270 
136941 
136394 
136958 
136617 
136447 
136182 
136056 
136934 
135510 
135859 
135151 
136528 
136434 
136279 
135465 
135422 
135688 
135482 
136352 
135983 
135650 
135536 
135358 
135904 
136499 
135926 
135166 
136088 
136159 
135727 
135479 
135235 
134244 
134467 
134465 
135100 
135402 
134517 
135258 
134794 
135020 
135442 
136096 
135234 
135286 
134568 
135021 
134392 
135394 
134866 
135557 
134728 
133876 
134698 
134430 
134307 
135659 
134587 
134543 
134646 
134754 
135026 
135453 
135032 
134470 
136006 
135244 
135094 
134510 
135904 
134606 
134424 
134098 
135103 
134235 
134509 
134545 
134243 
133593 
133840 
134808 
134259 
134415 
134077 
134091 
133250 
134612 
134990 
134248 
134979 
134972 
134044 
135260 
134621 
134162 
134976 
135040 
134415 
135885 
134946 
135092 
133503 
134195 
134800 
134814 
135427 
135219 
134647 
134781 
135164 
134484 
134375 
135297 
133755 
133793 
134991 
134734 
134820 
134422 
134871 
134174 
134335 
134397 
134971 
135567 
134981 
133655 
134404 
133222 
134408 
135732 
134432 
134026 
135296 
134350 
134568 
134220 
134446 
133868 
134026 
134248 
134724 
134256 
134544 
133695 
133874 
133938 
134602 
134925 
134923 
134031 
134452 
134079 
134628 
134174 
134274 
133678 
133666 
133683 
134768 
134316 
134382 
134038 
134354 
133474 
134303 
133146 
134575 
134677 
134856 
135270 
133675 
134135 
133088 
132922 
134400 
133524 
134257 
134733 
133253 
134643 
134217 
134243 
134697 
134793 
133805 
134373 
134344 
134074 
134019 
135528 
134021 
134379 
133719 
134155 
134606 
134360 
133804 
133674 
133858 
133980 
132865 
133866 
133911 
133753 
133668 
133012 
134161 
133113 
133717 
132911 
134370 
133602 
133763 
133778 
133558 
133278 
132993 
133562 
133486 
133622 
133889 
133385 
134732 
134701 
134215 
133843 
133959 
133899 
133740 
133006 
133770 
133031 
133664 
134026 
133813 
133811 
133943 
133301 
133015 
134060 
133866 
133270 
133082 
133120 
133428 
132941 
132655 
132531 
132642 
133730 
133274 
133670 
133203 
133143 
132903 
133289 
132855 
133086 
132636 
132708 
133134 
132722 
132551 
133279 
132587 
132819 
132676 
133354 
133020 
133446 
133322 
132934 
132594 
131889 
133278 
132454 
132731 
132871 
132763 
132983 
133224 
133382 
132119 
132825 
132894 
133236 
132220 
132066 
132937 
132901 
133339 
133025 
132538 
132766 
132711 
133399 
133333 
132443 
133040 
132772 
132886 
132484 
132096 
132110 
132562 
132636 
132903 
133555 
132563 
131793 
133205 
132368 
132294 
133026 
132447 
133459 
132614 
132448 
132549 
132851 
131779 
133247 
132468 
132388 
132487 
133341 
133033 
133471 
132568 
133008 
132819 
132908 
132332 
132418 
132856 
132524 
133365 
133649 
132520 
133458 
132698 
132482 
133555 
133115 
132969 
133137 
132475 
132471 
132559 
132999 
132930 
132736 
132793 
132665 
132117 
132879 
132956 
132510 
133603 
133031 
133065 
133055 
132720 
133060 
132189 
132393 
133007 
133133 
132493 
133277 
132805 
133321 
132988 
132951 
132659 
132355 
131905 
133283 
134038 
132748 
132702 
132846 
132160 
132528 
132730 
132996 
133321 
133497 
133107 
132614 
132405 
132907 
133790 
131894 
133256 
133314 
132594 
132836 
132606 
132282 
132424 
132604 
132673 
138071 
133442 
132458 
133007 
131731 
132446 
132406 
134079 
132896 
133735 
133341 
133254 
133572 
133237 
133165 
133114 
134000 
133063 
132689 
132551 
132991 
132554 
132822 
133530 
133018 
132805 
132574 
132571 
133527 
133150 
133168 
133173 
132893 
133634 
133152 
132185 
132095 
132978 
132488 
133239 
133323 
133144 
132774 
132500 
132672 
132086 
132015 
132618 
132782 
132987 
133133 
133035 
133921 
133367 
132843 
133225 
132625 
133391 
133143 
132310 
133684 
133303 
133251 
133169 
132795 
132802 
132510 
132805 
132577 
133616 
132825 
133988 
132880 
133175 
133339 
133503 
133699 
133428 
133358 
132949 
133007 
133121 
132343 
133032 
133550 
132978 
132620 
133821 
131941 
133993 
133415 
133360 
133694 
133547 
132767 
132862 
133038 
132375 
134425 
132250 
132666 
133530 
133118 
132977 
133651 
132649 
133203 
133055 
132191 
132676 
133018 
132571 
132449 
131959 
132797 
132669 
133377 
132590 
132242 
132428 
132562 
133329 
133327 
132817 
133033 
132741 
132195 
133317 
133777 
134032 
134480 
133170 
132400 
133411 
133049 
133162 
133710 
132508 
132262 
137937 
132935 
133155 
132955 
133757 
133365 
133915 
133395 
133178 
133490 
132130 
131577 
133248 
132996 
132867 
132669 
132745 
132553 
133518 
133988 
132822 
133830 
